# Toy example with two objects, where one object is temporarily lost, no noise
# t
# x y
0
0 0
100 0

1
0 2
100 2

2
0 4
100 4

3
0 6
100 6

4
0 8
100 8

5
0 10
100 10

6
0 12
100 12

7
0 14
100 14

8
0 16
100 16

9
0 18
100 18

10
0 20
100 20

11
0 22
100 22

12
0 24
100 24

13
0 26

14
0 28

15
0 30
100 30

16
0 32
100 32

17
0 34
100 34

18
0 36
100 36

19
0 38
100 38

20
0 40

21
0 42

22
0 44

23
0 46

24
0 48
100 48

25
0 50
100 50

26
0 52
100 52

27
0 54
100 54

28
0 56
100 56

29
0 58
100 58

30
0 60
100 60
