# Toy example with two objects that cross paths, change velocities and some added noise
# t
# x y

0
0 0

1
0 2

2
0 4
10 8

3
0 6
-10 8

4
0 8
10 -8

5
0 10
-10 -8

6
0 11
10 20

7
0 12
9 20

8
0 13
6 20
8 20
5 29

9
0 14
5 20
3 14
7 20

10
0 15
6 20

11
5 20

12

13
0 18
3 20

14
0 19
2 20

15
0 20
1 20

16
0 22
-1 20

17
0 22
0 20
-2 20

18
0 23

19
0 24
-2 20

20
0 25
-3 19

21
1 27
5 27
-4 18
-4 25

22
0 27
-7 17

23
-1 28
-6 17

24
0 29
-7 15

25
0 30
-8 16

26
2 31
-10 15

27
4 32
-12 14

28
6 33
-14 13

29
8 34
-16 12

30
10 35
-18 11

31
0 0

32
10 10

33
0 0

34
10 10

35
100 0

36
20 0

37
10 30

38

39

40

41

42
